0,0.000,-100, , , , , 
1,1171.875,-100, , , , , 
2,2343.750,-100, , , , , 
3,3515.625,-100, , , , , 
4,4687.500,-100, , , , , 
5,5859.375,-100, , , , , 
6,7031.250,-100, , , , , 
7,8203.125,-100, , , , , 
8,9375.000,-100, , , , , 
9,10546.875,-100,0,9,8,10,10546.88
10,11718.750,-100, , , , , 
11,12890.625,-100, , , , , 
12,14062.500,-100, , , , , 
13,15234.375,-100, , , , , 
14,16406.250,-100, , , , , 
15,17578.125,-100, , , , , 
16,18750.000,-100,1,16,15,17,18750.00
17,19921.875,-100, , , , , 
18,21093.750,-100, , , , , 
19,22265.625,-100, , , , , 
20,23437.500,-100, , , , , 
21,24609.375,-100, , , , , 
22,25781.250,-100, , , , , 
23,26953.125,-100, , , , , 
24,28125.000,-100,2,24,23,25,28125.00
25,29296.875,-100, , , , , 
26,30468.750,-100, , , , , 
27,31640.625,-100, , , , , 
28,32812.500,-100, , , , , 
29,33984.375,-100, , , , , 
30,35156.250,-100, , , , , 
31,36328.125,-100, , , , , 
32,37500.000,-100,3,32,31,33,37500.00
33,38671.875,-100, , , , , 
34,39843.750,-100, , , , , 
35,41015.625,-100, , , , , 
36,42187.500,-100, , , , , 
37,43359.375,-100, , , , , 
38,44531.250,-100, , , , , 
39,45703.125,-100, , , , , 
40,46875.000,-100,4,40,39,41,46875.00
41,48046.875,-100, , , , , 
42,49218.750,-100, , , , , 
43,50390.625,-100, , , , , 
44,51562.500,-100, , , , , 
45,52734.375,-100, , , , , 
46,53906.250,-100, , , , , 
47,55078.125,-100, , , , , 
48,56250.000,-100,5,48,47,49,56250.00
49,57421.875,-100, , , , , 
50,58593.750,-100, , , , , 
51,59765.625,-100, , , , , 
52,60937.500,-100, , , , , 
53,62109.375,-100, , , , , 
54,63281.250,-100, , , , , 
55,64453.125,-100, , , , , 
56,65625.000,-100,6,56,55,57,65625.00
57,66796.875,-100, , , , , 
58,67968.750,-100, , , , , 
59,69140.625,-100, , , , , 
60,70312.500,-100, , , , , 
61,71484.375,-100, , , , , 
62,72656.250,-100, , , , , 
63,73828.125,-100, , , , , 
64,75000.000,-100,7,64,63,65,75000.00
65,76171.875,-100, , , , , 
66,77343.750,-100, , , , , 
67,78515.625,-100, , , , , 
68,79687.500,-100, , , , , 
69,80859.375,-100, , , , , 
70,82031.250,-100, , , , , 
71,83203.125,-100, , , , , 
72,84375.000,-100,8,72,71,73,84375.00
73,85546.875,-100, , , , , 
74,86718.750,-100, , , , , 
75,87890.625,-100, , , , , 
76,89062.500,-100,9,76,75,77,89062.50
77,90234.375,-100, , , , , 
78,91406.250,-100, , , , , 
79,92578.125,-100, , , , , 
80,93750.000,-100, , , , , 
81,94921.875,-100,10,81,80,82,94921.88
82,96093.750,-100, , , , , 
83,97265.625,-100, , , , , 
84,98437.500,-100, , , , , 
85,99609.375,-100, , , , , 
86,100781.250,-100,11,86,85,87,100781.25
87,101953.125,-100, , , , , 
88,103125.000,-100, , , , , 
89,104296.875,-100, , , , , 
90,105468.750,-100, , , , , 
91,106640.625,-100,12,91,90,92,106640.62
92,107812.500,-100, , , , , 
93,108984.375,-100, , , , , 
94,110156.250,-100, , , , , 
95,111328.125,-100, , , , , 
96,112500.000,-100,13,96,95,97,112500.00
97,113671.875,-100, , , , , 
98,114843.750,-100, , , , , 
99,116015.625,-100, , , , , 
100,117187.500,-100, , , , , 
101,118359.375,-100,14,101,100,102,118359.38
102,119531.250,-100, , , , , 
103,120703.125,-100, , , , , 
104,121875.000,-100, , , , , 
105,123046.875,-100, , , , , 
106,124218.750,-100, , , , , 
107,125390.625,-100,15,107,106,108,125390.62
108,126562.500,-100, , , , , 
109,127734.375,-100, , , , , 
110,128906.250,-100, , , , , 
111,130078.125,-100, , , , , 
112,131250.000,-100, , , , , 
113,132421.875,-100,16,113,112,114,132421.88
114,133593.750,-100, , , , , 
115,134765.625,-100, , , , , 
116,135937.500,-100, , , , , 
117,137109.375,-100, , , , , 
118,138281.250,-100, , , , , 
119,139453.125,-100, , , , , 
120,140625.000,-100,17,120,119,121,140625.00
121,141796.875,-100, , , , , 
122,142968.750,-100, , , , , 
123,144140.625,-100, , , , , 
124,145312.500,-100, , , , , 
125,146484.375,-98.312991078153, , , , , 
126,147656.250,-94.49959055731577,18,126,125,124,146484.38
127,148828.125,-71.65982337235421, , , , , 
128,150000.000,-0.00019253209306927885, , , , , 
129,151171.875,-71.65982337235418, , , , , 
130,152343.750,-94.49959055565115, , , , , 
131,153515.625,-98.31299106127145, , , , , 
132,154687.500,-100, , , , , 
133,155859.375,-100, , , , , 
134,157031.250,-100,19,134,133,135,157031.25
135,158203.125,-100, , , , , 
136,159375.000,-100, , , , , 
137,160546.875,-100, , , , , 
138,161718.750,-100, , , , , 
139,162890.625,-100, , , , , 
140,164062.500,-100, , , , , 
141,165234.375,-100, , , , , 
142,166406.250,-100,20,142,141,143,166406.25
143,167578.125,-100, , , , , 
144,168750.000,-100, , , , , 
145,169921.875,-100, , , , , 
146,171093.750,-100, , , , , 
147,172265.625,-100, , , , , 
148,173437.500,-100, , , , , 
149,174609.375,-100, , , , , 
150,175781.250,-100,21,150,149,151,175781.25
151,176953.125,-100, , , , , 
152,178125.000,-100, , , , , 
153,179296.875,-100, , , , , 
154,180468.750,-100, , , , , 
155,181640.625,-100, , , , , 
156,182812.500,-100, , , , , 
157,183984.375,-100, , , , , 
158,185156.250,-100, , , , , 
159,186328.125,-100,22,159,158,160,186328.12
160,187500.000,-100, , , , , 
161,188671.875,-100, , , , , 
162,189843.750,-100, , , , , 
163,191015.625,-100, , , , , 
164,192187.500,-100, , , , , 
165,193359.375,-100, , , , , 
166,194531.250,-100, , , , , 
167,195703.125,-100, , , , , 
168,196875.000,-97.20215271239496,23,168,167,169,196875.00
169,198046.875,-92.63249703856543, , , , , 
170,199218.750,-13.74763456177422, , , , , 
171,200390.625,-0.4685548536563604, , , , , 
172,201562.500,-89.54148965923986, , , , , 
173,202734.375,-95.94614589180082, , , , , 
174,203906.250,-99.31011168235773, , , , , 
175,205078.125,-100, , , , , 
176,206250.000,-100, , , , , 
177,207421.875,-100, , , , , 
178,208593.750,-100,24,178,177,179,208593.75
179,209765.625,-100, , , , , 
180,210937.500,-100, , , , , 
181,212109.375,-100, , , , , 
182,213281.250,-100, , , , , 
183,214453.125,-100, , , , , 
184,215625.000,-100, , , , , 
185,216796.875,-100, , , , , 
186,217968.750,-100, , , , , 
187,219140.625,-100, , , , , 
188,220312.500,-100,25,188,187,189,220312.50
189,221484.375,-100, , , , , 
190,222656.250,-100, , , , , 
191,223828.125,-100, , , , , 
192,225000.000,-100, , , , , 
193,226171.875,-100, , , , , 
194,227343.750,-100, , , , , 
195,228515.625,-100, , , , , 
196,229687.500,-100, , , , , 
197,230859.375,-100, , , , , 
198,232031.250,-100, , , , , 
199,233203.125,-100,26,199,198,200,233203.12
200,234375.000,-100, , , , , 
201,235546.875,-100, , , , , 
202,236718.750,-100, , , , , 
203,237890.625,-100, , , , , 
204,239062.500,-100, , , , , 
205,240234.375,-100, , , , , 
206,241406.250,-100, , , , , 
207,242578.125,-100, , , , , 
208,243750.000,-100, , , , , 
209,244921.875,-100, , , , , 
210,246093.750,-99.31011168235773, , , , , 
211,247265.625,-95.94614589180082,27,211,210,212,247265.62
212,248437.500,-89.54148965923986, , , , , 
213,249609.375,-0.4685548536563604, , , , , 
214,250781.250,-13.74763456177422, , , , , 
215,251953.125,-92.63249703856543, , , , , 
216,253125.000,-97.20215271239496, , , , , 
217,254296.875,-100, , , , , 
218,255468.750,-100, , , , , 
219,256640.625,-100, , , , , 
220,257812.500,-100, , , , , 
221,258984.375,-100, , , , , 
222,260156.250,-100, , , , , 
223,261328.125,-100,28,223,222,224,261328.12
224,262500.000,-100, , , , , 
225,263671.875,-100, , , , , 
226,264843.750,-100, , , , , 
227,266015.625,-100, , , , , 
228,267187.500,-100, , , , , 
229,268359.375,-100, , , , , 
230,269531.250,-100, , , , , 
231,270703.125,-100, , , , , 
232,271875.000,-100, , , , , 
233,273046.875,-100, , , , , 
234,274218.750,-100, , , , , 
235,275390.625,-100, , , , , 
236,276562.500,-100,29,236,235,237,276562.50
237,277734.375,-100, , , , , 
238,278906.250,-100, , , , , 
239,280078.125,-100, , , , , 
240,281250.000,-100, , , , , 
241,282421.875,-100, , , , , 
242,283593.750,-100, , , , , 
243,284765.625,-100, , , , , 
244,285937.500,-100, , , , , 
245,287109.375,-100, , , , , 
246,288281.250,-100, , , , , 
247,289453.125,-100, , , , , 
248,290625.000,-100, , , , , 
249,291796.875,-100, , , , , 
250,292968.750,-100,30,250,249,251,292968.75
251,294140.625,-100, , , , , 
252,295312.500,-100, , , , , 
253,296484.375,-98.31299106004755, , , , , 
254,297656.250,-94.49959055531997, , , , , 
255,298828.125,-71.65982337235417, , , , , 
256,300000.000,-0.00019253209306927885, , , , , 
257,301171.875,-71.65982337235417, , , , , 
258,302343.750,-94.49959055531997, , , , , 
259,303515.625,-98.31299106004755, , , , , 
260,304687.500,-100, , , , , 
261,305859.375,-100, , , , , 
262,307031.250,-100, , , , , 
263,308203.125,-100, , , , , 
264,309375.000,-100,31,264,263,265,309375.00
265,310546.875,-100, , , , , 
266,311718.750,-100, , , , , 
267,312890.625,-100, , , , , 
268,314062.500,-100, , , , , 
269,315234.375,-100, , , , , 
270,316406.250,-100, , , , , 
271,317578.125,-100, , , , , 
272,318750.000,-100, , , , , 
273,319921.875,-100, , , , , 
274,321093.750,-100, , , , , 
275,322265.625,-100, , , , , 
276,323437.500,-100, , , , , 
277,324609.375,-100, , , , , 
278,325781.250,-100, , , , , 
279,326953.125,-100, , , , , 
280,328125.000,-100,32,280,279,281,328125.00
281,329296.875,-100, , , , , 
282,330468.750,-100, , , , , 
283,331640.625,-100, , , , , 
284,332812.500,-100, , , , , 
285,333984.375,-100, , , , , 
286,335156.250,-100, , , , , 
287,336328.125,-100, , , , , 
288,337500.000,-100, , , , , 
289,338671.875,-100, , , , , 
290,339843.750,-100, , , , , 
291,341015.625,-100, , , , , 
292,342187.500,-100, , , , , 
293,343359.375,-100, , , , , 
294,344531.250,-100, , , , , 
295,345703.125,-100, , , , , 
296,346875.000,-97.20215271239496,33,296,295,297,346875.00
297,348046.875,-92.63249703856543, , , , , 
298,349218.750,-13.74763456177422, , , , , 
299,350390.625,-0.4685548536563604, , , , , 
300,351562.500,-89.54148965923986, , , , , 
301,352734.375,-95.94614589180082, , , , , 
302,353906.250,-99.31011168235773, , , , , 
303,355078.125,-100, , , , , 
304,356250.000,-100, , , , , 
305,357421.875,-100, , , , , 
306,358593.750,-100, , , , , 
307,359765.625,-100, , , , , 
308,360937.500,-100, , , , , 
309,362109.375,-100, , , , , 
310,363281.250,-100, , , , , 
311,364453.125,-100, , , , , 
312,365625.000,-100, , , , , 
313,366796.875,-100,34,313,312,314,366796.88
314,367968.750,-100, , , , , 
315,369140.625,-100, , , , , 
316,370312.500,-100, , , , , 
317,371484.375,-100, , , , , 
318,372656.250,-100, , , , , 
319,373828.125,-100, , , , , 
320,375000.000,-100, , , , , 
321,376171.875,-100, , , , , 
322,377343.750,-100, , , , , 
323,378515.625,-100, , , , , 
324,379687.500,-100, , , , , 
325,380859.375,-100, , , , , 
326,382031.250,-100, , , , , 
327,383203.125,-100, , , , , 
328,384375.000,-100, , , , , 
329,385546.875,-100, , , , , 
330,386718.750,-100, , , , , 
331,387890.625,-100,35,331,330,332,387890.62
332,389062.500,-100, , , , , 
333,390234.375,-100, , , , , 
334,391406.250,-100, , , , , 
335,392578.125,-100, , , , , 
336,393750.000,-100, , , , , 
337,394921.875,-100, , , , , 
338,396093.750,-99.31011168235773, , , , , 
339,397265.625,-95.94614589180082, , , , , 
340,398437.500,-89.54148965923986, , , , , 
341,399609.375,-0.4685548536563604, , , , , 
342,400781.250,-13.74763456177422, , , , , 
343,401953.125,-92.63249703856543, , , , , 
344,403125.000,-97.20215271239496, , , , , 
345,404296.875,-100, , , , , 
346,405468.750,-100, , , , , 
347,406640.625,-100, , , , , 
348,407812.500,-100, , , , , 
349,408984.375,-100, , , , , 
350,410156.250,-100, , , , , 
351,411328.125,-100,36,351,350,352,411328.12
352,412500.000,-100, , , , , 
353,413671.875,-100, , , , , 
354,414843.750,-100, , , , , 
355,416015.625,-100, , , , , 
356,417187.500,-100, , , , , 
357,418359.375,-100, , , , , 
358,419531.250,-100, , , , , 
359,420703.125,-100, , , , , 
360,421875.000,-100, , , , , 
361,423046.875,-100, , , , , 
362,424218.750,-100, , , , , 
363,425390.625,-100, , , , , 
364,426562.500,-100, , , , , 
365,427734.375,-100, , , , , 
366,428906.250,-100, , , , , 
367,430078.125,-100, , , , , 
368,431250.000,-100, , , , , 
369,432421.875,-100, , , , , 
370,433593.750,-100, , , , , 
371,434765.625,-100,37,371,370,372,434765.62
372,435937.500,-100, , , , , 
373,437109.375,-100, , , , , 
374,438281.250,-100, , , , , 
375,439453.125,-100, , , , , 
376,440625.000,-100, , , , , 
377,441796.875,-100, , , , , 
378,442968.750,-100, , , , , 
379,444140.625,-100, , , , , 
380,445312.500,-100, , , , , 
381,446484.375,-98.31299106004755, , , , , 
382,447656.250,-94.49959055531997, , , , , 
383,448828.125,-71.65982337235417, , , , , 
384,450000.000,-0.00019253209306927885, , , , , 
385,451171.875,-71.65982337235417, , , , , 
386,452343.750,-94.49959055531997, , , , , 
387,453515.625,-98.31299106004755, , , , , 
388,454687.500,-100, , , , , 
389,455859.375,-100, , , , , 
390,457031.250,-100, , , , , 
391,458203.125,-100, , , , , 
392,459375.000,-100,38,392,391,393,459375.00
393,460546.875,-100, , , , , 
394,461718.750,-100, , , , , 
395,462890.625,-100, , , , , 
396,464062.500,-100, , , , , 
397,465234.375,-100, , , , , 
398,466406.250,-100, , , , , 
399,467578.125,-100, , , , , 
400,468750.000,-100, , , , , 
401,469921.875,-100, , , , , 
402,471093.750,-100, , , , , 
403,472265.625,-100, , , , , 
404,473437.500,-100, , , , , 
405,474609.375,-100, , , , , 
406,475781.250,-100, , , , , 
407,476953.125,-100, , , , , 
408,478125.000,-100, , , , , 
409,479296.875,-100, , , , , 
410,480468.750,-100, , , , , 
411,481640.625,-100, , , , , 
412,482812.500,-100, , , , , 
413,483984.375,-100, , , , , 
414,485156.250,-100, , , , , 
415,486328.125,-100,39,415,414,416,486328.12
416,487500.000,-100, , , , , 
417,488671.875,-100, , , , , 
418,489843.750,-100, , , , , 
419,491015.625,-100, , , , , 
420,492187.500,-100, , , , , 
421,493359.375,-100, , , , , 
422,494531.250,-100, , , , , 
423,495703.125,-100, , , , , 
424,496875.000,-97.20215271239496, , , , , 
425,498046.875,-92.63249703856543, , , , , 
426,499218.750,-13.74763456177422, , , , , 
427,500390.625,-0.4685548536563604, , , , , 
428,501562.500,-89.54148965923986, , , , , 
429,502734.375,-95.94614589180082, , , , , 
430,503906.250,-99.31011168235773, , , , , 
431,505078.125,-100, , , , , 
432,506250.000,-100, , , , , 
433,507421.875,-100, , , , , 
434,508593.750,-100, , , , , 
435,509765.625,-100, , , , , 
436,510937.500,-100, , , , , 
437,512109.375,-100, , , , , 
438,513281.250,-100, , , , , 
439,514453.125,-100,40,439,438,440,514453.12
440,515625.000,-100, , , , , 
441,516796.875,-100, , , , , 
442,517968.750,-100, , , , , 
443,519140.625,-100, , , , , 
444,520312.500,-100, , , , , 
445,521484.375,-100, , , , , 
446,522656.250,-100, , , , , 
447,523828.125,-100, , , , , 
448,525000.000,-100, , , , , 
449,526171.875,-100, , , , , 
450,527343.750,-100, , , , , 
451,528515.625,-100, , , , , 
452,529687.500,-100, , , , , 
453,530859.375,-100, , , , , 
454,532031.250,-100, , , , , 
455,533203.125,-100, , , , , 
456,534375.000,-100, , , , , 
457,535546.875,-100, , , , , 
458,536718.750,-100, , , , , 
459,537890.625,-100, , , , , 
460,539062.500,-100, , , , , 
461,540234.375,-100, , , , , 
462,541406.250,-100, , , , , 
463,542578.125,-100, , , , , 
464,543750.000,-100, , , , , 
465,544921.875,-100,41,465,464,466,544921.88
466,546093.750,-99.31011168235773, , , , , 
467,547265.625,-95.94614589180082, , , , , 
468,548437.500,-89.54148965923986, , , , , 
469,549609.375,-0.4685548536563604, , , , , 
470,550781.250,-13.74763456177422, , , , , 
471,551953.125,-92.63249703856543, , , , , 
472,553125.000,-97.20215271239496, , , , , 
473,554296.875,-100, , , , , 
474,555468.750,-100, , , , , 
475,556640.625,-100, , , , , 
476,557812.500,-100, , , , , 
477,558984.375,-100, , , , , 
478,560156.250,-100, , , , , 
479,561328.125,-100, , , , , 
480,562500.000,-100, , , , , 
481,563671.875,-100, , , , , 
482,564843.750,-100, , , , , 
483,566015.625,-100, , , , , 
484,567187.500,-100, , , , , 
485,568359.375,-100, , , , , 
486,569531.250,-100, , , , , 
487,570703.125,-100, , , , , 
488,571875.000,-100, , , , , 
489,573046.875,-100, , , , , 
490,574218.750,-100, , , , , 
491,575390.625,-100, , , , , 
492,576562.500,-100,42,492,491,493,576562.50
493,577734.375,-100, , , , , 
494,578906.250,-100, , , , , 
495,580078.125,-100, , , , , 
496,581250.000,-100, , , , , 
497,582421.875,-100, , , , , 
498,583593.750,-100, , , , , 
499,584765.625,-100, , , , , 
500,585937.500,-100, , , , , 
501,587109.375,-100, , , , , 
502,588281.250,-100, , , , , 
503,589453.125,-100, , , , , 
504,590625.000,-100, , , , , 
505,591796.875,-100, , , , , 
506,592968.750,-100, , , , , 
507,594140.625,-100, , , , , 
508,595312.500,-100, , , , , 
509,596484.375,-98.31299106004755, , , , , 
510,597656.250,-94.49959055531997, , , , , 
511,598828.125,-71.65982337235417, , , , , 
512,600000.000,-0.00019253209306927885, , , , , 
513,601171.875,-71.65982337235417, , , , , 
514,602343.750,-94.49959055531997, , , , , 
515,603515.625,-98.31299106004755, , , , , 
516,604687.500,-100, , , , , 
517,605859.375,-100, , , , , 
518,607031.250,-100, , , , , 
519,608203.125,-100, , , , , 
520,609375.000,-100,43,520,519,521,609375.00
521,610546.875,-100, , , , , 
522,611718.750,-100, , , , , 
523,612890.625,-100, , , , , 
524,614062.500,-100, , , , , 
525,615234.375,-100, , , , , 
526,616406.250,-100, , , , , 
527,617578.125,-100, , , , , 
528,618750.000,-100, , , , , 
529,619921.875,-100, , , , , 
530,621093.750,-100, , , , , 
531,622265.625,-100, , , , , 
532,623437.500,-100, , , , , 
533,624609.375,-100, , , , , 
534,625781.250,-100, , , , , 
535,626953.125,-100, , , , , 
536,628125.000,-100, , , , , 
537,629296.875,-100, , , , , 
538,630468.750,-100, , , , , 
539,631640.625,-100, , , , , 
540,632812.500,-100, , , , , 
541,633984.375,-100, , , , , 
542,635156.250,-100, , , , , 
543,636328.125,-100, , , , , 
544,637500.000,-100, , , , , 
545,638671.875,-100, , , , , 
546,639843.750,-100, , , , , 
547,641015.625,-100, , , , , 
548,642187.500,-100, , , , , 
549,643359.375,-100, , , , , 
550,644531.250,-100, , , , , 
551,645703.125,-100,44,551,550,552,645703.12
552,646875.000,-97.20215271239496, , , , , 
553,648046.875,-92.63249703856543, , , , , 
554,649218.750,-13.74763456177422, , , , , 
555,650390.625,-0.4685548536563604, , , , , 
556,651562.500,-89.54148965923986, , , , , 
557,652734.375,-95.94614589180082, , , , , 
558,653906.250,-99.31011168235773, , , , , 
559,655078.125,-100, , , , , 
560,656250.000,-100, , , , , 
561,657421.875,-100, , , , , 
562,658593.750,-100, , , , , 
563,659765.625,-100, , , , , 
564,660937.500,-100, , , , , 
565,662109.375,-100, , , , , 
566,663281.250,-100, , , , , 
567,664453.125,-100, , , , , 
568,665625.000,-100, , , , , 
569,666796.875,-100, , , , , 
570,667968.750,-100, , , , , 
571,669140.625,-100, , , , , 
572,670312.500,-100, , , , , 
573,671484.375,-100, , , , , 
574,672656.250,-100, , , , , 
575,673828.125,-100, , , , , 
576,675000.000,-100, , , , , 
577,676171.875,-100, , , , , 
578,677343.750,-100, , , , , 
579,678515.625,-100, , , , , 
580,679687.500,-100, , , , , 
581,680859.375,-100, , , , , 
582,682031.250,-100,45,582,581,583,682031.25
583,683203.125,-100, , , , , 
584,684375.000,-100, , , , , 
585,685546.875,-100, , , , , 
586,686718.750,-100, , , , , 
587,687890.625,-100, , , , , 
588,689062.500,-100, , , , , 
589,690234.375,-100, , , , , 
590,691406.250,-100, , , , , 
591,692578.125,-100, , , , , 
592,693750.000,-100, , , , , 
593,694921.875,-100, , , , , 
594,696093.750,-99.31011168235773, , , , , 
595,697265.625,-95.94614589180082, , , , , 
596,698437.500,-89.54148965923986, , , , , 
597,699609.375,-0.4685548536563604, , , , , 
598,700781.250,-13.74763456177422, , , , , 
599,701953.125,-92.63249703856543, , , , , 
600,703125.000,-97.20215271239496, , , , , 
601,704296.875,-100, , , , , 
602,705468.750,-100, , , , , 
603,706640.625,-100, , , , , 
604,707812.500,-100, , , , , 
605,708984.375,-100, , , , , 
606,710156.250,-100, , , , , 
607,711328.125,-100, , , , , 
608,712500.000,-100, , , , , 
609,713671.875,-100, , , , , 
610,714843.750,-100, , , , , 
611,716015.625,-100, , , , , 
612,717187.500,-100, , , , , 
613,718359.375,-100, , , , , 
614,719531.250,-100, , , , , 
615,720703.125,-100, , , , , 
616,721875.000,-100,46,616,615,617,721875.00
617,723046.875,-100, , , , , 
618,724218.750,-100, , , , , 
619,725390.625,-100, , , , , 
620,726562.500,-100, , , , , 
621,727734.375,-100, , , , , 
622,728906.250,-100, , , , , 
623,730078.125,-100, , , , , 
624,731250.000,-100, , , , , 
625,732421.875,-100, , , , , 
626,733593.750,-100, , , , , 
627,734765.625,-100, , , , , 
628,735937.500,-100, , , , , 
629,737109.375,-100, , , , , 
630,738281.250,-100, , , , , 
631,739453.125,-100, , , , , 
632,740625.000,-100, , , , , 
633,741796.875,-100, , , , , 
634,742968.750,-100, , , , , 
635,744140.625,-100, , , , , 
636,745312.500,-100, , , , , 
637,746484.375,-98.31299106004755, , , , , 
638,747656.250,-94.49959055531997, , , , , 
639,748828.125,-71.65982337235417, , , , , 
640,750000.000,-0.00019253209306927885, , , , , 
641,751171.875,-71.65982337235417, , , , , 
642,752343.750,-94.49959055531997, , , , , 
643,753515.625,-98.31299106004755, , , , , 
644,754687.500,-100, , , , , 
645,755859.375,-100, , , , , 
646,757031.250,-100, , , , , 
647,758203.125,-100, , , , , 
648,759375.000,-100, , , , , 
649,760546.875,-100, , , , , 
650,761718.750,-100, , , , , 
651,762890.625,-100, , , , , 
652,764062.500,-100,47,652,651,653,764062.50
653,765234.375,-100, , , , , 
654,766406.250,-100, , , , , 
655,767578.125,-100, , , , , 
656,768750.000,-100, , , , , 
657,769921.875,-100, , , , , 
658,771093.750,-100, , , , , 
659,772265.625,-100, , , , , 
660,773437.500,-100, , , , , 
661,774609.375,-100, , , , , 
662,775781.250,-100, , , , , 
663,776953.125,-100, , , , , 
664,778125.000,-100, , , , , 
665,779296.875,-100, , , , , 
666,780468.750,-100, , , , , 
667,781640.625,-100, , , , , 
668,782812.500,-100, , , , , 
669,783984.375,-100, , , , , 
670,785156.250,-100, , , , , 
671,786328.125,-100, , , , , 
672,787500.000,-100, , , , , 
673,788671.875,-100, , , , , 
674,789843.750,-100, , , , , 
675,791015.625,-100, , , , , 
676,792187.500,-100, , , , , 
677,793359.375,-100, , , , , 
678,794531.250,-100, , , , , 
679,795703.125,-100, , , , , 
680,796875.000,-97.20215271239496, , , , , 
681,798046.875,-92.63249703856543, , , , , 
682,799218.750,-13.74763456177422, , , , , 
683,800390.625,-0.4685548536563604, , , , , 
684,801562.500,-89.54148965923986, , , , , 
685,802734.375,-95.94614589180082, , , , , 
686,803906.250,-99.31011168235773, , , , , 
687,805078.125,-100, , , , , 
688,806250.000,-100, , , , , 
689,807421.875,-100, , , , , 
690,808593.750,-100,48,690,689,691,808593.75
691,809765.625,-100, , , , , 
692,810937.500,-100, , , , , 
693,812109.375,-100, , , , , 
694,813281.250,-100, , , , , 
695,814453.125,-100, , , , , 
696,815625.000,-100, , , , , 
697,816796.875,-100, , , , , 
698,817968.750,-100, , , , , 
699,819140.625,-100, , , , , 
700,820312.500,-100, , , , , 
701,821484.375,-100, , , , , 
702,822656.250,-100, , , , , 
703,823828.125,-100, , , , , 
704,825000.000,-100, , , , , 
705,826171.875,-100, , , , , 
706,827343.750,-100, , , , , 
707,828515.625,-100, , , , , 
708,829687.500,-100, , , , , 
709,830859.375,-100, , , , , 
710,832031.250,-100, , , , , 
711,833203.125,-100, , , , , 
712,834375.000,-100, , , , , 
713,835546.875,-100, , , , , 
714,836718.750,-100, , , , , 
715,837890.625,-100, , , , , 
716,839062.500,-100, , , , , 
717,840234.375,-100, , , , , 
718,841406.250,-100, , , , , 
719,842578.125,-100, , , , , 
720,843750.000,-100, , , , , 
721,844921.875,-100, , , , , 
722,846093.750,-99.31011168235773, , , , , 
723,847265.625,-95.94614589180082, , , , , 
724,848437.500,-89.54148965923986, , , , , 
725,849609.375,-0.4685548536563604, , , , , 
726,850781.250,-13.74763456177422, , , , , 
727,851953.125,-92.63249703856543, , , , , 
728,853125.000,-97.20215271239496, , , , , 
729,854296.875,-100, , , , , 
730,855468.750,-100,49,730,729,731,855468.75
731,856640.625,-100, , , , , 
732,857812.500,-100, , , , , 
733,858984.375,-100, , , , , 
734,860156.250,-100, , , , , 
735,861328.125,-100, , , , , 
736,862500.000,-100, , , , , 
737,863671.875,-100, , , , , 
738,864843.750,-100, , , , , 
739,866015.625,-100, , , , , 
740,867187.500,-100, , , , , 
741,868359.375,-100, , , , , 
742,869531.250,-100, , , , , 
743,870703.125,-100, , , , , 
744,871875.000,-100, , , , , 
745,873046.875,-100, , , , , 
746,874218.750,-100, , , , , 
747,875390.625,-100, , , , , 
748,876562.500,-100, , , , , 
749,877734.375,-100, , , , , 
750,878906.250,-100, , , , , 
751,880078.125,-100, , , , , 
752,881250.000,-100, , , , , 
753,882421.875,-100, , , , , 
754,883593.750,-100, , , , , 
755,884765.625,-100, , , , , 
756,885937.500,-100, , , , , 
757,887109.375,-100, , , , , 
758,888281.250,-100, , , , , 
759,889453.125,-100, , , , , 
760,890625.000,-100, , , , , 
761,891796.875,-100, , , , , 
762,892968.750,-100, , , , , 
763,894140.625,-100, , , , , 
764,895312.500,-100, , , , , 
765,896484.375,-98.31299106004755, , , , , 
766,897656.250,-94.49959055531997, , , , , 
767,898828.125,-71.65982337235417, , , , , 
768,900000.000,-0.00019253209306927885, , , , , 
769,901171.875,-71.65982337235417, , , , , 
770,902343.750,-94.49959055531997, , , , , 
771,903515.625,-98.31299106004755, , , , , 
772,904687.500,-100,50,772,771,773,904687.50
773,905859.375,-100, , , , , 
774,907031.250,-100, , , , , 
775,908203.125,-100, , , , , 
776,909375.000,-100, , , , , 
777,910546.875,-100, , , , , 
778,911718.750,-100, , , , , 
779,912890.625,-100, , , , , 
780,914062.500,-100, , , , , 
781,915234.375,-100, , , , , 
782,916406.250,-100, , , , , 
783,917578.125,-100, , , , , 
784,918750.000,-100, , , , , 
785,919921.875,-100, , , , , 
786,921093.750,-100, , , , , 
787,922265.625,-100, , , , , 
788,923437.500,-100, , , , , 
789,924609.375,-100, , , , , 
790,925781.250,-100, , , , , 
791,926953.125,-100, , , , , 
792,928125.000,-100, , , , , 
793,929296.875,-100, , , , , 
794,930468.750,-100, , , , , 
795,931640.625,-100, , , , , 
796,932812.500,-100, , , , , 
797,933984.375,-100, , , , , 
798,935156.250,-100, , , , , 
799,936328.125,-100, , , , , 
800,937500.000,-100, , , , , 
801,938671.875,-100, , , , , 
802,939843.750,-100, , , , , 
803,941015.625,-100, , , , , 
804,942187.500,-100, , , , , 
805,943359.375,-100, , , , , 
806,944531.250,-100, , , , , 
807,945703.125,-100, , , , , 
808,946875.000,-97.20215271239496, , , , , 
809,948046.875,-92.63249703856543, , , , , 
810,949218.750,-13.74763456177422, , , , , 
811,950390.625,-0.4685548536563604, , , , , 
812,951562.500,-89.54148965923986, , , , , 
813,952734.375,-95.94614589180082, , , , , 
814,953906.250,-99.31011168235773, , , , , 
815,955078.125,-100, , , , , 
816,956250.000,-100, , , , , 
817,957421.875,-100,51,817,816,818,957421.88
818,958593.750,-100, , , , , 
819,959765.625,-100, , , , , 
820,960937.500,-100, , , , , 
821,962109.375,-100, , , , , 
822,963281.250,-100, , , , , 
823,964453.125,-100, , , , , 
824,965625.000,-100, , , , , 
825,966796.875,-100, , , , , 
826,967968.750,-100, , , , , 
827,969140.625,-100, , , , , 
828,970312.500,-100, , , , , 
829,971484.375,-100, , , , , 
830,972656.250,-100, , , , , 
831,973828.125,-100, , , , , 
832,975000.000,-100, , , , , 
833,976171.875,-100, , , , , 
834,977343.750,-100, , , , , 
835,978515.625,-100, , , , , 
836,979687.500,-100, , , , , 
837,980859.375,-100, , , , , 
838,982031.250,-100, , , , , 
839,983203.125,-100, , , , , 
840,984375.000,-100, , , , , 
841,985546.875,-100, , , , , 
842,986718.750,-100, , , , , 
843,987890.625,-100, , , , , 
844,989062.500,-100, , , , , 
845,990234.375,-100, , , , , 
846,991406.250,-100, , , , , 
847,992578.125,-100, , , , , 
848,993750.000,-100, , , , , 
849,994921.875,-100, , , , , 
850,996093.750,-99.31011168235773, , , , , 
851,997265.625,-95.94614589180082, , , , , 
852,998437.500,-89.54148965923986, , , , , 
853,999609.375,-0.4685548536563604, , , , , 
854,1000781.250,-13.74763456177422, , , , , 
855,1001953.125,-92.63249703856543, , , , , 
856,1003125.000,-97.20215271239496, , , , , 
857,1004296.875,-100, , , , , 
858,1005468.750,-100, , , , , 
859,1006640.625,-100, , , , , 
860,1007812.500,-100, , , , , 
861,1008984.375,-100, , , , , 
862,1010156.250,-100, , , , , 
863,1011328.125,-100, , , , , 
864,1012500.000,-100, , , , , 
865,1013671.875,-100,52,865,864,866,1013671.88
866,1014843.750,-100, , , , , 
867,1016015.625,-100, , , , , 
868,1017187.500,-100, , , , , 
869,1018359.375,-100, , , , , 
870,1019531.250,-100, , , , , 
871,1020703.125,-100, , , , , 
872,1021875.000,-100, , , , , 
873,1023046.875,-100, , , , , 
874,1024218.750,-100, , , , , 
875,1025390.625,-100, , , , , 
876,1026562.500,-100, , , , , 
877,1027734.375,-100, , , , , 
878,1028906.250,-100, , , , , 
879,1030078.125,-100, , , , , 
880,1031250.000,-100, , , , , 
881,1032421.875,-100, , , , , 
882,1033593.750,-100, , , , , 
883,1034765.625,-100, , , , , 
884,1035937.500,-100, , , , , 
885,1037109.375,-100, , , , , 
886,1038281.250,-100, , , , , 
887,1039453.125,-100, , , , , 
888,1040625.000,-100, , , , , 
889,1041796.875,-100, , , , , 
890,1042968.750,-100, , , , , 
891,1044140.625,-100, , , , , 
892,1045312.500,-100, , , , , 
893,1046484.375,-98.31299106004755, , , , , 
894,1047656.250,-94.49959055531997, , , , , 
895,1048828.125,-71.65982337235417, , , , , 
896,1050000.000,-0.00019253209306927885, , , , , 
897,1051171.875,-71.65982337235417, , , , , 
898,1052343.750,-94.49959055531997, , , , , 
899,1053515.625,-98.31299106004755, , , , , 
900,1054687.500,-100, , , , , 
901,1055859.375,-100, , , , , 
902,1057031.250,-100, , , , , 
903,1058203.125,-100, , , , , 
904,1059375.000,-100, , , , , 
905,1060546.875,-100, , , , , 
906,1061718.750,-100, , , , , 
907,1062890.625,-100, , , , , 
908,1064062.500,-100, , , , , 
909,1065234.375,-100, , , , , 
910,1066406.250,-100, , , , , 
911,1067578.125,-100, , , , , 
912,1068750.000,-100, , , , , 
913,1069921.875,-100, , , , , 
914,1071093.750,-100, , , , , 
915,1072265.625,-100,53,915,914,916,1072265.62
916,1073437.500,-100, , , , , 
917,1074609.375,-100, , , , , 
918,1075781.250,-100, , , , , 
919,1076953.125,-100, , , , , 
920,1078125.000,-100, , , , , 
921,1079296.875,-100, , , , , 
922,1080468.750,-100, , , , , 
923,1081640.625,-100, , , , , 
924,1082812.500,-100, , , , , 
925,1083984.375,-100, , , , , 
926,1085156.250,-100, , , , , 
927,1086328.125,-100, , , , , 
928,1087500.000,-100, , , , , 
929,1088671.875,-100, , , , , 
930,1089843.750,-100, , , , , 
931,1091015.625,-100, , , , , 
932,1092187.500,-100, , , , , 
933,1093359.375,-100, , , , , 
934,1094531.250,-100, , , , , 
935,1095703.125,-100, , , , , 
936,1096875.000,-97.20215271239496, , , , , 
937,1098046.875,-92.63249703856543, , , , , 
938,1099218.750,-13.74763456177422, , , , , 
939,1100390.625,-0.4685548536563604, , , , , 
940,1101562.500,-89.54148965923986, , , , , 
941,1102734.375,-95.94614589180082, , , , , 
942,1103906.250,-99.31011168235773, , , , , 
943,1105078.125,-100, , , , , 
944,1106250.000,-100, , , , , 
945,1107421.875,-100, , , , , 
946,1108593.750,-100, , , , , 
947,1109765.625,-100, , , , , 
948,1110937.500,-100, , , , , 
949,1112109.375,-100, , , , , 
950,1113281.250,-100, , , , , 
951,1114453.125,-100, , , , , 
952,1115625.000,-100, , , , , 
953,1116796.875,-100, , , , , 
954,1117968.750,-100, , , , , 
955,1119140.625,-100, , , , , 
956,1120312.500,-100, , , , , 
957,1121484.375,-100, , , , , 
958,1122656.250,-100, , , , , 
959,1123828.125,-100, , , , , 
960,1125000.000,-100, , , , , 
961,1126171.875,-100, , , , , 
962,1127343.750,-100, , , , , 
963,1128515.625,-100, , , , , 
964,1129687.500,-100, , , , , 
965,1130859.375,-100, , , , , 
966,1132031.250,-100, , , , , 
967,1133203.125,-100, , , , , 
968,1134375.000,-100,54,968,967,969,1134375.00
969,1135546.875,-100, , , , , 
970,1136718.750,-100, , , , , 
971,1137890.625,-100, , , , , 
972,1139062.500,-100, , , , , 
973,1140234.375,-100, , , , , 
974,1141406.250,-100, , , , , 
975,1142578.125,-100, , , , , 
976,1143750.000,-100, , , , , 
977,1144921.875,-100, , , , , 
978,1146093.750,-99.31011168235773, , , , , 
979,1147265.625,-95.94614589180082, , , , , 
980,1148437.500,-89.54148965923986, , , , , 
981,1149609.375,-0.4685548536563604, , , , , 
982,1150781.250,-13.74763456177422, , , , , 
983,1151953.125,-92.63249703856543, , , , , 
984,1153125.000,-97.20215271239496, , , , , 
985,1154296.875,-100, , , , , 
986,1155468.750,-100, , , , , 
987,1156640.625,-100, , , , , 
988,1157812.500,-100, , , , , 
989,1158984.375,-100, , , , , 
990,1160156.250,-100, , , , , 
991,1161328.125,-100, , , , , 
992,1162500.000,-100, , , , , 
993,1163671.875,-100, , , , , 
994,1164843.750,-100, , , , , 
995,1166015.625,-100, , , , , 
996,1167187.500,-100, , , , , 
997,1168359.375,-100, , , , , 
998,1169531.250,-100, , , , , 
999,1170703.125,-100, , , , , 
1000,1171875.000,-100, , , , , 
1001,1173046.875,-100, , , , , 
1002,1174218.750,-100, , , , , 
1003,1175390.625,-100, , , , , 
1004,1176562.500,-100, , , , , 
1005,1177734.375,-100, , , , , 
1006,1178906.250,-100, , , , , 
1007,1180078.125,-100, , , , , 
1008,1181250.000,-100, , , , , 
1009,1182421.875,-100, , , , , 
1010,1183593.750,-100, , , , , 
1011,1184765.625,-100, , , , , 
1012,1185937.500,-100, , , , , 
1013,1187109.375,-100, , , , , 
1014,1188281.250,-100, , , , , 
1015,1189453.125,-100, , , , , 
1016,1190625.000,-100, , , , , 
1017,1191796.875,-100, , , , , 
1018,1192968.750,-100, , , , , 
1019,1194140.625,-100, , , , , 
1020,1195312.500,-100, , , , , 
1021,1196484.375,-98.31299106004755, , , , , 
1022,1197656.250,-94.49959055531997,55,1022,1021,1020,1196484.38
1023,1198828.125,-71.65982337235417, , , , , 
1024,1200000.000,-0.00019253209306927885, , , , , 
1025,1201171.875,-71.65982337235417, , , , , 
1026,1202343.750,-94.49959055531997, , , , , 
1027,1203515.625,-98.31299106004755, , , , , 
1028,1204687.500,-100, , , , , 
1029,1205859.375,-100, , , , , 
1030,1207031.250,-100, , , , , 
1031,1208203.125,-100, , , , , 
1032,1209375.000,-100, , , , , 
1033,1210546.875,-100, , , , , 
1034,1211718.750,-100, , , , , 
1035,1212890.625,-100, , , , , 
1036,1214062.500,-100, , , , , 
1037,1215234.375,-100, , , , , 
1038,1216406.250,-100, , , , , 
1039,1217578.125,-100, , , , , 
1040,1218750.000,-100, , , , , 
1041,1219921.875,-100, , , , , 
1042,1221093.750,-100, , , , , 
1043,1222265.625,-100, , , , , 
1044,1223437.500,-100, , , , , 
1045,1224609.375,-100, , , , , 
1046,1225781.250,-100, , , , , 
1047,1226953.125,-100, , , , , 
1048,1228125.000,-100, , , , , 
1049,1229296.875,-100, , , , , 
1050,1230468.750,-100, , , , , 
1051,1231640.625,-100, , , , , 
1052,1232812.500,-100, , , , , 
1053,1233984.375,-100, , , , , 
1054,1235156.250,-100, , , , , 
1055,1236328.125,-100, , , , , 
1056,1237500.000,-100, , , , , 
1057,1238671.875,-100, , , , , 
1058,1239843.750,-100, , , , , 
1059,1241015.625,-100, , , , , 
1060,1242187.500,-100, , , , , 
1061,1243359.375,-100, , , , , 
1062,1244531.250,-100, , , , , 
1063,1245703.125,-100, , , , , 
1064,1246875.000,-97.20215271239496, , , , , 
1065,1248046.875,-92.63249703856543, , , , , 
1066,1249218.750,-13.74763456177422, , , , , 
1067,1250390.625,-0.4685548536563604, , , , , 
1068,1251562.500,-89.54148965923986, , , , , 
1069,1252734.375,-95.94614589180082, , , , , 
1070,1253906.250,-99.31011168235773, , , , , 
1071,1255078.125,-100, , , , , 
1072,1256250.000,-100, , , , , 
1073,1257421.875,-100, , , , , 
1074,1258593.750,-100, , , , , 
1075,1259765.625,-100, , , , , 
1076,1260937.500,-100, , , , , 
1077,1262109.375,-100, , , , , 
1078,1263281.250,-100, , , , , 
1079,1264453.125,-100, , , , , 
1080,1265625.000,-100,56,1080,1079,1081,1265625.00
1081,1266796.875,-100, , , , , 
1082,1267968.750,-100, , , , , 
1083,1269140.625,-100, , , , , 
1084,1270312.500,-100, , , , , 
1085,1271484.375,-100, , , , , 
1086,1272656.250,-100, , , , , 
1087,1273828.125,-100, , , , , 
1088,1275000.000,-100, , , , , 
1089,1276171.875,-100, , , , , 
1090,1277343.750,-100, , , , , 
1091,1278515.625,-100, , , , , 
1092,1279687.500,-100, , , , , 
1093,1280859.375,-100, , , , , 
1094,1282031.250,-100, , , , , 
1095,1283203.125,-100, , , , , 
1096,1284375.000,-100, , , , , 
1097,1285546.875,-100, , , , , 
1098,1286718.750,-100, , , , , 
1099,1287890.625,-100, , , , , 
1100,1289062.500,-100, , , , , 
1101,1290234.375,-100, , , , , 
1102,1291406.250,-100, , , , , 
1103,1292578.125,-100, , , , , 
1104,1293750.000,-100, , , , , 
1105,1294921.875,-100, , , , , 
1106,1296093.750,-99.31011168235773, , , , , 
1107,1297265.625,-95.94614589180082, , , , , 
1108,1298437.500,-89.54148965923986, , , , , 
1109,1299609.375,-0.4685548536563604, , , , , 
1110,1300781.250,-13.74763456177422, , , , , 
1111,1301953.125,-92.63249703856543, , , , , 
1112,1303125.000,-97.20215271239496, , , , , 
1113,1304296.875,-100, , , , , 
1114,1305468.750,-100, , , , , 
1115,1306640.625,-100, , , , , 
1116,1307812.500,-100, , , , , 
1117,1308984.375,-100, , , , , 
1118,1310156.250,-100, , , , , 
1119,1311328.125,-100, , , , , 
1120,1312500.000,-100,57,1120,1119,1121,1312500.00
1121,1313671.875,-100, , , , , 
1122,1314843.750,-100, , , , , 
1123,1316015.625,-100, , , , , 
1124,1317187.500,-100, , , , , 
1125,1318359.375,-100, , , , , 
1126,1319531.250,-100, , , , , 
1127,1320703.125,-100, , , , , 
1128,1321875.000,-100, , , , , 
1129,1323046.875,-100, , , , , 
1130,1324218.750,-100, , , , , 
1131,1325390.625,-100, , , , , 
1132,1326562.500,-100, , , , , 
1133,1327734.375,-100, , , , , 
1134,1328906.250,-100, , , , , 
1135,1330078.125,-100, , , , , 
1136,1331250.000,-100, , , , , 
1137,1332421.875,-100, , , , , 
1138,1333593.750,-100, , , , , 
1139,1334765.625,-100, , , , , 
1140,1335937.500,-100, , , , , 
1141,1337109.375,-100, , , , , 
1142,1338281.250,-100, , , , , 
1143,1339453.125,-100, , , , , 
1144,1340625.000,-100, , , , , 
1145,1341796.875,-100, , , , , 
1146,1342968.750,-100, , , , , 
1147,1344140.625,-100, , , , , 
1148,1345312.500,-100, , , , , 
1149,1346484.375,-98.31299106004755, , , , , 
1150,1347656.250,-94.49959055531997, , , , , 
1151,1348828.125,-71.65982337235417, , , , , 
1152,1350000.000,-0.00019253209306927885, , , , , 
1153,1351171.875,-71.65982337235417, , , , , 
1154,1352343.750,-94.49959055531997, , , , , 
1155,1353515.625,-98.31299106004755, , , , , 
1156,1354687.500,-100, , , , , 
1157,1355859.375,-100, , , , , 
1158,1357031.250,-100, , , , , 
1159,1358203.125,-100, , , , , 
1160,1359375.000,-100, , , , , 
1161,1360546.875,-100, , , , , 
1162,1361718.750,-100, , , , , 
1163,1362890.625,-100, , , , , 
1164,1364062.500,-100, , , , , 
1165,1365234.375,-100, , , , , 
1166,1366406.250,-100, , , , , 
1167,1367578.125,-100, , , , , 
1168,1368750.000,-100,58,1168,1167,1169,1368750.00
1169,1369921.875,-100, , , , , 
1170,1371093.750,-100, , , , , 
1171,1372265.625,-100, , , , , 
1172,1373437.500,-100, , , , , 
1173,1374609.375,-100, , , , , 
1174,1375781.250,-100, , , , , 
1175,1376953.125,-100, , , , , 
1176,1378125.000,-100, , , , , 
1177,1379296.875,-100, , , , , 
1178,1380468.750,-100, , , , , 
1179,1381640.625,-100, , , , , 
1180,1382812.500,-100, , , , , 
1181,1383984.375,-100, , , , , 
1182,1385156.250,-100, , , , , 
1183,1386328.125,-100, , , , , 
1184,1387500.000,-100, , , , , 
1185,1388671.875,-100, , , , , 
1186,1389843.750,-100, , , , , 
1187,1391015.625,-100, , , , , 
1188,1392187.500,-100, , , , , 
1189,1393359.375,-100, , , , , 
1190,1394531.250,-100, , , , , 
1191,1395703.125,-100, , , , , 
1192,1396875.000,-97.20215271239496, , , , , 
1193,1398046.875,-92.63249703856543, , , , , 
1194,1399218.750,-13.74763456177422, , , , , 
1195,1400390.625,-0.4685548536563604, , , , , 
1196,1401562.500,-89.54148965923986, , , , , 
1197,1402734.375,-95.94614589180082, , , , , 
1198,1403906.250,-99.31011168235773, , , , , 
1199,1405078.125,-100, , , , , 
1200,1406250.000,-100, , , , , 
1201,1407421.875,-100, , , , , 
1202,1408593.750,-100, , , , , 
1203,1409765.625,-100, , , , , 
1204,1410937.500,-100, , , , , 
1205,1412109.375,-100, , , , , 
1206,1413281.250,-100, , , , , 
1207,1414453.125,-100, , , , , 
1208,1415625.000,-100, , , , , 
1209,1416796.875,-100, , , , , 
1210,1417968.750,-100, , , , , 
1211,1419140.625,-100, , , , , 
1212,1420312.500,-100, , , , , 
1213,1421484.375,-100, , , , , 
1214,1422656.250,-100, , , , , 
1215,1423828.125,-100, , , , , 
1216,1425000.000,-100,59,1216,1215,1217,1425000.00
1217,1426171.875,-100, , , , , 
1218,1427343.750,-100, , , , , 
1219,1428515.625,-100, , , , , 
1220,1429687.500,-100, , , , , 
1221,1430859.375,-100, , , , , 
1222,1432031.250,-100, , , , , 
1223,1433203.125,-100, , , , , 
1224,1434375.000,-100, , , , , 
1225,1435546.875,-100, , , , , 
1226,1436718.750,-100, , , , , 
1227,1437890.625,-100, , , , , 
1228,1439062.500,-100, , , , , 
1229,1440234.375,-100, , , , , 
1230,1441406.250,-100, , , , , 
1231,1442578.125,-100, , , , , 
1232,1443750.000,-100, , , , , 
1233,1444921.875,-100, , , , , 
1234,1446093.750,-99.31011168235773, , , , , 
1235,1447265.625,-95.94614589180082, , , , , 
1236,1448437.500,-89.54148965923986, , , , , 
1237,1449609.375,-0.4685548536563604, , , , , 
1238,1450781.250,-13.74763456177422, , , , , 
1239,1451953.125,-92.63249703856543, , , , , 
1240,1453125.000,-97.20215271239496, , , , , 
1241,1454296.875,-100, , , , , 
1242,1455468.750,-100, , , , , 
1243,1456640.625,-100, , , , , 
1244,1457812.500,-100, , , , , 
1245,1458984.375,-100, , , , , 
1246,1460156.250,-100, , , , , 
1247,1461328.125,-100, , , , , 
1248,1462500.000,-100, , , , , 
1249,1463671.875,-100, , , , , 
1250,1464843.750,-100, , , , , 
1251,1466015.625,-100, , , , , 
1252,1467187.500,-100, , , , , 
1253,1468359.375,-100, , , , , 
1254,1469531.250,-100, , , , , 
1255,1470703.125,-100, , , , , 
1256,1471875.000,-100, , , , , 
1257,1473046.875,-100, , , , , 
1258,1474218.750,-100, , , , , 
1259,1475390.625,-100, , , , , 
1260,1476562.500,-100, , , , , 
1261,1477734.375,-100, , , , , 
1262,1478906.250,-100, , , , , 
1263,1480078.125,-100, , , , , 
1264,1481250.000,-100,60,1264,1263,1265,1481250.00
1265,1482421.875,-100, , , , , 
1266,1483593.750,-100, , , , , 
1267,1484765.625,-100, , , , , 
1268,1485937.500,-100, , , , , 
1269,1487109.375,-100, , , , , 
1270,1488281.250,-100, , , , , 
1271,1489453.125,-100, , , , , 
1272,1490625.000,-100, , , , , 
1273,1491796.875,-100, , , , , 
1274,1492968.750,-100, , , , , 
1275,1494140.625,-100, , , , , 
1276,1495312.500,-100, , , , , 
1277,1496484.375,-98.31299106004755, , , , , 
1278,1497656.250,-94.49959055531997, , , , , 
1279,1498828.125,-71.65982337235417, , , , , 
1280,1500000.000,-0.00019253209306927885, , , , , 
1281,1501171.875,-71.65982337235417, , , , , 
1282,1502343.750,-94.49959055531997, , , , , 
1283,1503515.625,-98.31299106004755, , , , , 
1284,1504687.500,-100, , , , , 
1285,1505859.375,-100, , , , , 
1286,1507031.250,-100, , , , , 
1287,1508203.125,-100, , , , , 
1288,1509375.000,-100, , , , , 
1289,1510546.875,-100, , , , , 
1290,1511718.750,-100, , , , , 
1291,1512890.625,-100, , , , , 
1292,1514062.500,-100, , , , , 
1293,1515234.375,-100, , , , , 
1294,1516406.250,-100, , , , , 
1295,1517578.125,-100, , , , , 
1296,1518750.000,-100, , , , , 
1297,1519921.875,-100, , , , , 
1298,1521093.750,-100, , , , , 
1299,1522265.625,-100, , , , , 
1300,1523437.500,-100, , , , , 
1301,1524609.375,-100, , , , , 
1302,1525781.250,-100, , , , , 
1303,1526953.125,-100, , , , , 
1304,1528125.000,-100, , , , , 
1305,1529296.875,-100, , , , , 
1306,1530468.750,-100, , , , , 
1307,1531640.625,-100, , , , , 
1308,1532812.500,-100, , , , , 
1309,1533984.375,-100, , , , , 
1310,1535156.250,-100, , , , , 
1311,1536328.125,-100, , , , , 
1312,1537500.000,-100, , , , , 
1313,1538671.875,-100, , , , , 
1314,1539843.750,-100, , , , , 
1315,1541015.625,-100, , , , , 
1316,1542187.500,-100, , , , , 
1317,1543359.375,-100, , , , , 
1318,1544531.250,-100, , , , , 
1319,1545703.125,-100, , , , , 
1320,1546875.000,-97.20215271239496, , , , , 
1321,1548046.875,-92.63249703856543, , , , , 
1322,1549218.750,-13.74763456177422, , , , , 
1323,1550390.625,-0.4685548536563604, , , , , 
1324,1551562.500,-89.54148965923986, , , , , 
1325,1552734.375,-95.94614589180082, , , , , 
1326,1553906.250,-99.31011168235773, , , , , 
1327,1555078.125,-100, , , , , 
1328,1556250.000,-100, , , , , 
1329,1557421.875,-100, , , , , 
1330,1558593.750,-100, , , , , 
1331,1559765.625,-100, , , , , 
1332,1560937.500,-100, , , , , 
1333,1562109.375,-100, , , , , 
1334,1563281.250,-100, , , , , 
1335,1564453.125,-100, , , , , 
1336,1565625.000,-100,61,1336,1335,1337,1565625.00
1337,1566796.875,-100, , , , , 
1338,1567968.750,-100, , , , , 
1339,1569140.625,-100, , , , , 
1340,1570312.500,-100, , , , , 
1341,1571484.375,-100, , , , , 
1342,1572656.250,-100, , , , , 
1343,1573828.125,-100, , , , , 
1344,1575000.000,-100, , , , , 
1345,1576171.875,-100, , , , , 
1346,1577343.750,-100, , , , , 
1347,1578515.625,-100, , , , , 
1348,1579687.500,-100, , , , , 
1349,1580859.375,-100, , , , , 
1350,1582031.250,-100, , , , , 
1351,1583203.125,-100, , , , , 
1352,1584375.000,-100, , , , , 
1353,1585546.875,-100, , , , , 
1354,1586718.750,-100, , , , , 
1355,1587890.625,-100, , , , , 
1356,1589062.500,-100, , , , , 
1357,1590234.375,-100, , , , , 
1358,1591406.250,-100, , , , , 
1359,1592578.125,-100, , , , , 
1360,1593750.000,-100, , , , , 
1361,1594921.875,-100, , , , , 
1362,1596093.750,-99.31011168235773, , , , , 
1363,1597265.625,-95.94614589180082, , , , , 
1364,1598437.500,-89.54148965923986, , , , , 
1365,1599609.375,-0.4685548536563604, , , , , 
1366,1600781.250,-13.74763456177422, , , , , 
1367,1601953.125,-92.63249703856543, , , , , 
1368,1603125.000,-97.20215271239496, , , , , 
1369,1604296.875,-100, , , , , 
1370,1605468.750,-100, , , , , 
1371,1606640.625,-100, , , , , 
1372,1607812.500,-100, , , , , 
1373,1608984.375,-100, , , , , 
1374,1610156.250,-100, , , , , 
1375,1611328.125,-100, , , , , 
1376,1612500.000,-100, , , , , 
1377,1613671.875,-100, , , , , 
1378,1614843.750,-100, , , , , 
1379,1616015.625,-100, , , , , 
1380,1617187.500,-100, , , , , 
1381,1618359.375,-100, , , , , 
1382,1619531.250,-100, , , , , 
1383,1620703.125,-100, , , , , 
1384,1621875.000,-100,62,1384,1383,1385,1621875.00
1385,1623046.875,-100, , , , , 
1386,1624218.750,-100, , , , , 
1387,1625390.625,-100, , , , , 
1388,1626562.500,-100, , , , , 
1389,1627734.375,-100, , , , , 
1390,1628906.250,-100, , , , , 
1391,1630078.125,-100, , , , , 
1392,1631250.000,-100, , , , , 
1393,1632421.875,-100, , , , , 
1394,1633593.750,-100, , , , , 
1395,1634765.625,-100, , , , , 
1396,1635937.500,-100, , , , , 
1397,1637109.375,-100, , , , , 
1398,1638281.250,-100, , , , , 
1399,1639453.125,-100, , , , , 
1400,1640625.000,-100, , , , , 
1401,1641796.875,-100, , , , , 
1402,1642968.750,-100, , , , , 
1403,1644140.625,-100, , , , , 
1404,1645312.500,-100, , , , , 
1405,1646484.375,-98.31299106004755, , , , , 
1406,1647656.250,-94.49959055531997, , , , , 
1407,1648828.125,-71.65982337235417, , , , , 
1408,1650000.000,-0.00019253209306927885, , , , , 
1409,1651171.875,-71.65982337235417, , , , , 
1410,1652343.750,-94.49959055531997, , , , , 
1411,1653515.625,-98.31299106004755, , , , , 
1412,1654687.500,-100, , , , , 
1413,1655859.375,-100, , , , , 
1414,1657031.250,-100, , , , , 
1415,1658203.125,-100, , , , , 
1416,1659375.000,-100, , , , , 
1417,1660546.875,-100, , , , , 
1418,1661718.750,-100, , , , , 
1419,1662890.625,-100, , , , , 
1420,1664062.500,-100, , , , , 
1421,1665234.375,-100, , , , , 
1422,1666406.250,-100, , , , , 
1423,1667578.125,-100, , , , , 
1424,1668750.000,-100, , , , , 
1425,1669921.875,-100, , , , , 
1426,1671093.750,-100, , , , , 
1427,1672265.625,-100, , , , , 
1428,1673437.500,-100, , , , , 
1429,1674609.375,-100, , , , , 
1430,1675781.250,-100, , , , , 
1431,1676953.125,-100, , , , , 
1432,1678125.000,-100, , , , , 
1433,1679296.875,-100, , , , , 
1434,1680468.750,-100, , , , , 
1435,1681640.625,-100, , , , , 
1436,1682812.500,-100, , , , , 
1437,1683984.375,-100, , , , , 
1438,1685156.250,-100, , , , , 
1439,1686328.125,-100, , , , , 
1440,1687500.000,-100,63,1440,1439,1441,1687500.00
1441,1688671.875,-100, , , , , 
1442,1689843.750,-100, , , , , 
1443,1691015.625,-100, , , , , 
1444,1692187.500,-100, , , , , 
1445,1693359.375,-100, , , , , 
1446,1694531.250,-100, , , , , 
1447,1695703.125,-100, , , , , 
1448,1696875.000,-97.20215271239496, , , , , 
1449,1698046.875,-92.63249703856543, , , , , 
1450,1699218.750,-13.74763456177422, , , , , 
1451,1700390.625,-0.4685548536563604, , , , , 
1452,1701562.500,-89.54148965923986, , , , , 
1453,1702734.375,-95.94614589180082, , , , , 
1454,1703906.250,-99.31011168235773, , , , , 
1455,1705078.125,-100, , , , , 
1456,1706250.000,-100, , , , , 
1457,1707421.875,-100, , , , , 
1458,1708593.750,-100, , , , , 
1459,1709765.625,-100, , , , , 
1460,1710937.500,-100, , , , , 
1461,1712109.375,-100, , , , , 
1462,1713281.250,-100, , , , , 
1463,1714453.125,-100, , , , , 
1464,1715625.000,-100, , , , , 
1465,1716796.875,-100, , , , , 
1466,1717968.750,-100, , , , , 
1467,1719140.625,-100, , , , , 
1468,1720312.500,-100, , , , , 
1469,1721484.375,-100, , , , , 
1470,1722656.250,-100, , , , , 
1471,1723828.125,-100, , , , , 
1472,1725000.000,-100, , , , , 
1473,1726171.875,-100, , , , , 
1474,1727343.750,-100, , , , , 
1475,1728515.625,-100, , , , , 
1476,1729687.500,-100, , , , , 
1477,1730859.375,-100, , , , , 
1478,1732031.250,-100, , , , , 
1479,1733203.125,-100, , , , , 
1480,1734375.000,-100, , , , , 
1481,1735546.875,-100, , , , , 
1482,1736718.750,-100, , , , , 
1483,1737890.625,-100, , , , , 
1484,1739062.500,-100, , , , , 
1485,1740234.375,-100, , , , , 
1486,1741406.250,-100, , , , , 
1487,1742578.125,-100, , , , , 
1488,1743750.000,-100, , , , , 
1489,1744921.875,-100, , , , , 
1490,1746093.750,-99.31011168235773, , , , , 
1491,1747265.625,-95.94614589180082, , , , , 
1492,1748437.500,-89.54148965923986, , , , , 
1493,1749609.375,-0.4685548536563604, , , , , 
1494,1750781.250,-13.74763456177422, , , , , 
1495,1751953.125,-92.63249703856543, , , , , 
1496,1753125.000,-97.20215271239496, , , , , 
1497,1754296.875,-100, , , , , 
1498,1755468.750,-100, , , , , 
1499,1756640.625,-100, , , , , 
1500,1757812.500,-100, , , , , 
1501,1758984.375,-100, , , , , 
1502,1760156.250,-100, , , , , 
1503,1761328.125,-100, , , , , 
1504,1762500.000,-100, , , , , 
1505,1763671.875,-100, , , , , 
1506,1764843.750,-100, , , , , 
1507,1766015.625,-100, , , , , 
1508,1767187.500,-100, , , , , 
1509,1768359.375,-100, , , , , 
1510,1769531.250,-100, , , , , 
1511,1770703.125,-100, , , , , 
1512,1771875.000,-100, , , , , 
1513,1773046.875,-100, , , , , 
1514,1774218.750,-100, , , , , 
1515,1775390.625,-100, , , , , 
1516,1776562.500,-100, , , , , 
1517,1777734.375,-100, , , , , 
1518,1778906.250,-100, , , , , 
1519,1780078.125,-100, , , , , 
1520,1781250.000,-100, , , , , 
1521,1782421.875,-100, , , , , 
1522,1783593.750,-100, , , , , 
1523,1784765.625,-100, , , , , 
1524,1785937.500,-100, , , , , 
1525,1787109.375,-100, , , , , 
1526,1788281.250,-100, , , , , 
1527,1789453.125,-100, , , , , 
1528,1790625.000,-100, , , , , 
1529,1791796.875,-100, , , , , 
1530,1792968.750,-100, , , , , 
1531,1794140.625,-100, , , , , 
1532,1795312.500,-100, , , , , 
1533,1796484.375,-98.31299106004755, , , , , 
1534,1797656.250,-94.49959055531997, , , , , 
1535,1798828.125,-71.65982337235417, , , , , 
1536,1800000.000,-0.00019253209306927885, , , , , 
1537,1801171.875,-71.65982337235417, , , , , 
1538,1802343.750,-94.49959055531997, , , , , 
1539,1803515.625,-98.31299106004755, , , , , 
1540,1804687.500,-100, , , , , 
1541,1805859.375,-100, , , , , 
1542,1807031.250,-100, , , , , 
1543,1808203.125,-100, , , , , 
1544,1809375.000,-100, , , , , 
1545,1810546.875,-100, , , , , 
1546,1811718.750,-100, , , , , 
1547,1812890.625,-100, , , , , 
1548,1814062.500,-100, , , , , 
1549,1815234.375,-100, , , , , 
1550,1816406.250,-100, , , , , 
1551,1817578.125,-100, , , , , 
1552,1818750.000,-100, , , , , 
1553,1819921.875,-100, , , , , 
1554,1821093.750,-100, , , , , 
1555,1822265.625,-100, , , , , 
1556,1823437.500,-100, , , , , 
1557,1824609.375,-100, , , , , 
1558,1825781.250,-100, , , , , 
1559,1826953.125,-100, , , , , 
1560,1828125.000,-100, , , , , 
1561,1829296.875,-100, , , , , 
1562,1830468.750,-100, , , , , 
1563,1831640.625,-100, , , , , 
1564,1832812.500,-100, , , , , 
1565,1833984.375,-100, , , , , 
1566,1835156.250,-100, , , , , 
1567,1836328.125,-100, , , , , 
1568,1837500.000,-100, , , , , 
1569,1838671.875,-100, , , , , 
1570,1839843.750,-100, , , , , 
1571,1841015.625,-100, , , , , 
1572,1842187.500,-100, , , , , 
1573,1843359.375,-100, , , , , 
1574,1844531.250,-100, , , , , 
1575,1845703.125,-100, , , , , 
1576,1846875.000,-97.20215271239496, , , , , 
1577,1848046.875,-92.63249703856543, , , , , 
1578,1849218.750,-13.74763456177422, , , , , 
1579,1850390.625,-0.4685548536563604, , , , , 
1580,1851562.500,-89.54148965923986, , , , , 
1581,1852734.375,-95.94614589180082, , , , , 
1582,1853906.250,-99.31011168235773, , , , , 
1583,1855078.125,-100, , , , , 
1584,1856250.000,-100, , , , , 
1585,1857421.875,-100, , , , , 
1586,1858593.750,-100, , , , , 
1587,1859765.625,-100, , , , , 
1588,1860937.500,-100, , , , , 
1589,1862109.375,-100, , , , , 
1590,1863281.250,-100, , , , , 
1591,1864453.125,-100, , , , , 
1592,1865625.000,-100, , , , , 
1593,1866796.875,-100, , , , , 
1594,1867968.750,-100, , , , , 
1595,1869140.625,-100, , , , , 
1596,1870312.500,-100, , , , , 
1597,1871484.375,-100, , , , , 
1598,1872656.250,-100, , , , , 
1599,1873828.125,-100, , , , , 
1600,1875000.000,-100, , , , , 
1601,1876171.875,-100, , , , , 
1602,1877343.750,-100, , , , , 
1603,1878515.625,-100, , , , , 
1604,1879687.500,-100, , , , , 
1605,1880859.375,-100, , , , , 
1606,1882031.250,-100, , , , , 
1607,1883203.125,-100, , , , , 
1608,1884375.000,-100, , , , , 
1609,1885546.875,-100, , , , , 
1610,1886718.750,-100, , , , , 
1611,1887890.625,-100, , , , , 
1612,1889062.500,-100, , , , , 
1613,1890234.375,-100, , , , , 
1614,1891406.250,-100, , , , , 
1615,1892578.125,-100, , , , , 
1616,1893750.000,-100, , , , , 
1617,1894921.875,-100, , , , , 
1618,1896093.750,-99.31011168235773, , , , , 
1619,1897265.625,-95.94614589180082, , , , , 
1620,1898437.500,-89.54148965923986, , , , , 
1621,1899609.375,-0.4685548536563604, , , , , 
1622,1900781.250,-13.74763456177422, , , , , 
1623,1901953.125,-92.63249703856543, , , , , 
1624,1903125.000,-97.20215271239496, , , , , 
1625,1904296.875,-100, , , , , 
1626,1905468.750,-100, , , , , 
1627,1906640.625,-100, , , , , 
1628,1907812.500,-100, , , , , 
1629,1908984.375,-100, , , , , 
1630,1910156.250,-100, , , , , 
1631,1911328.125,-100, , , , , 
1632,1912500.000,-100, , , , , 
1633,1913671.875,-100, , , , , 
1634,1914843.750,-100, , , , , 
1635,1916015.625,-100, , , , , 
1636,1917187.500,-100, , , , , 
1637,1918359.375,-100, , , , , 
1638,1919531.250,-100, , , , , 
1639,1920703.125,-100, , , , , 
1640,1921875.000,-100, , , , , 
1641,1923046.875,-100, , , , , 
1642,1924218.750,-100, , , , , 
1643,1925390.625,-100, , , , , 
1644,1926562.500,-100, , , , , 
1645,1927734.375,-100, , , , , 
1646,1928906.250,-100, , , , , 
1647,1930078.125,-100, , , , , 
1648,1931250.000,-100, , , , , 
1649,1932421.875,-100, , , , , 
1650,1933593.750,-100, , , , , 
1651,1934765.625,-100, , , , , 
1652,1935937.500,-100, , , , , 
1653,1937109.375,-100, , , , , 
1654,1938281.250,-100, , , , , 
1655,1939453.125,-100, , , , , 
1656,1940625.000,-100, , , , , 
1657,1941796.875,-100, , , , , 
1658,1942968.750,-100, , , , , 
1659,1944140.625,-100, , , , , 
1660,1945312.500,-100, , , , , 
1661,1946484.375,-98.31299106004755, , , , , 
1662,1947656.250,-94.49959055531997, , , , , 
1663,1948828.125,-71.65982337235417, , , , , 
1664,1950000.000,-0.00019253209306927885, , , , , 
1665,1951171.875,-71.65982337235417, , , , , 
1666,1952343.750,-94.49959055531997, , , , , 
1667,1953515.625,-98.31299106004755, , , , , 
1668,1954687.500,-100, , , , , 
1669,1955859.375,-100, , , , , 
1670,1957031.250,-100, , , , , 
1671,1958203.125,-100, , , , , 
1672,1959375.000,-100, , , , , 
1673,1960546.875,-100, , , , , 
1674,1961718.750,-100, , , , , 
1675,1962890.625,-100, , , , , 
1676,1964062.500,-100, , , , , 
1677,1965234.375,-100, , , , , 
1678,1966406.250,-100, , , , , 
1679,1967578.125,-100, , , , , 
1680,1968750.000,-100, , , , , 
1681,1969921.875,-100, , , , , 
1682,1971093.750,-100, , , , , 
1683,1972265.625,-100, , , , , 
1684,1973437.500,-100, , , , , 
1685,1974609.375,-100, , , , , 
1686,1975781.250,-100, , , , , 
1687,1976953.125,-100, , , , , 
1688,1978125.000,-100, , , , , 
1689,1979296.875,-100, , , , , 
1690,1980468.750,-100, , , , , 
1691,1981640.625,-100, , , , , 
1692,1982812.500,-100, , , , , 
1693,1983984.375,-100, , , , , 
1694,1985156.250,-100, , , , , 
1695,1986328.125,-100, , , , , 
1696,1987500.000,-100, , , , , 
1697,1988671.875,-100, , , , , 
1698,1989843.750,-100, , , , , 
1699,1991015.625,-100, , , , , 
1700,1992187.500,-100, , , , , 
1701,1993359.375,-100, , , , , 
1702,1994531.250,-100, , , , , 
1703,1995703.125,-100, , , , , 
1704,1996875.000,-97.20215271239496, , , , , 
1705,1998046.875,-92.63249703856543, , , , , 
1706,1999218.750,-13.74763456177422, , , , , 
1707,2000390.625,-0.4685548536563604, , , , , 
1708,2001562.500,-89.54148965923986, , , , , 
1709,2002734.375,-95.94614589180082, , , , , 
1710,2003906.250,-99.31011168235773, , , , , 
1711,2005078.125,-100, , , , , 
1712,2006250.000,-100, , , , , 
1713,2007421.875,-100, , , , , 
1714,2008593.750,-100, , , , , 
1715,2009765.625,-100, , , , , 
1716,2010937.500,-100, , , , , 
1717,2012109.375,-100, , , , , 
1718,2013281.250,-100, , , , , 
1719,2014453.125,-100, , , , , 
1720,2015625.000,-100, , , , , 
1721,2016796.875,-100, , , , , 
1722,2017968.750,-100, , , , , 
1723,2019140.625,-100, , , , , 
1724,2020312.500,-100, , , , , 
1725,2021484.375,-100, , , , , 
1726,2022656.250,-100, , , , , 
1727,2023828.125,-100, , , , , 
1728,2025000.000,-100, , , , , 
1729,2026171.875,-100, , , , , 
1730,2027343.750,-100, , , , , 
1731,2028515.625,-100, , , , , 
1732,2029687.500,-100, , , , , 
1733,2030859.375,-100, , , , , 
1734,2032031.250,-100, , , , , 
1735,2033203.125,-100, , , , , 
1736,2034375.000,-100, , , , , 
1737,2035546.875,-100, , , , , 
1738,2036718.750,-100, , , , , 
1739,2037890.625,-100, , , , , 
1740,2039062.500,-100, , , , , 
1741,2040234.375,-100, , , , , 
1742,2041406.250,-100, , , , , 
1743,2042578.125,-100, , , , , 
1744,2043750.000,-100, , , , , 
1745,2044921.875,-100, , , , , 
1746,2046093.750,-99.31011168235773, , , , , 
1747,2047265.625,-95.94614589180082, , , , , 
1748,2048437.500,-89.54148965923986, , , , , 
1749,2049609.375,-0.4685548536563604, , , , , 
1750,2050781.250,-13.74763456177422, , , , , 
1751,2051953.125,-92.63249703856543, , , , , 
1752,2053125.000,-97.20215271239496, , , , , 
1753,2054296.875,-100, , , , , 
1754,2055468.750,-100, , , , , 
1755,2056640.625,-100, , , , , 
1756,2057812.500,-100, , , , , 
1757,2058984.375,-100, , , , , 
1758,2060156.250,-100, , , , , 
1759,2061328.125,-100, , , , , 
1760,2062500.000,-100, , , , , 
1761,2063671.875,-100, , , , , 
1762,2064843.750,-100, , , , , 
1763,2066015.625,-100, , , , , 
1764,2067187.500,-100, , , , , 
1765,2068359.375,-100, , , , , 
1766,2069531.250,-100, , , , , 
1767,2070703.125,-100, , , , , 
1768,2071875.000,-100, , , , , 
1769,2073046.875,-100, , , , , 
1770,2074218.750,-100, , , , , 
1771,2075390.625,-100, , , , , 
1772,2076562.500,-100, , , , , 
1773,2077734.375,-100, , , , , 
1774,2078906.250,-100, , , , , 
1775,2080078.125,-100, , , , , 
1776,2081250.000,-100, , , , , 
1777,2082421.875,-100, , , , , 
1778,2083593.750,-100, , , , , 
1779,2084765.625,-100, , , , , 
1780,2085937.500,-100, , , , , 
1781,2087109.375,-100, , , , , 
1782,2088281.250,-100, , , , , 
1783,2089453.125,-100, , , , , 
1784,2090625.000,-100, , , , , 
1785,2091796.875,-100, , , , , 
1786,2092968.750,-100, , , , , 
1787,2094140.625,-100, , , , , 
1788,2095312.500,-100, , , , , 
1789,2096484.375,-98.31299106004755, , , , , 
1790,2097656.250,-94.49959055531997, , , , , 
1791,2098828.125,-71.65982337235417, , , , , 
1792,2100000.000,-0.00019253209306927885, , , , , 
1793,2101171.875,-71.65982337235417, , , , , 
1794,2102343.750,-94.49959055531997, , , , , 
1795,2103515.625,-98.31299106004755, , , , , 
1796,2104687.500,-100, , , , , 
1797,2105859.375,-100, , , , , 
1798,2107031.250,-100, , , , , 
1799,2108203.125,-100, , , , , 
1800,2109375.000,-100, , , , , 
1801,2110546.875,-100, , , , , 
1802,2111718.750,-100, , , , , 
1803,2112890.625,-100, , , , , 
1804,2114062.500,-100, , , , , 
1805,2115234.375,-100, , , , , 
1806,2116406.250,-100, , , , , 
1807,2117578.125,-100, , , , , 
1808,2118750.000,-100, , , , , 
1809,2119921.875,-100, , , , , 
1810,2121093.750,-100, , , , , 
1811,2122265.625,-100, , , , , 
1812,2123437.500,-100, , , , , 
1813,2124609.375,-100, , , , , 
1814,2125781.250,-100, , , , , 
1815,2126953.125,-100, , , , , 
1816,2128125.000,-100, , , , , 
1817,2129296.875,-100, , , , , 
1818,2130468.750,-100, , , , , 
1819,2131640.625,-100, , , , , 
1820,2132812.500,-100, , , , , 
1821,2133984.375,-100, , , , , 
1822,2135156.250,-100, , , , , 
1823,2136328.125,-100, , , , , 
1824,2137500.000,-100, , , , , 
1825,2138671.875,-100, , , , , 
1826,2139843.750,-100, , , , , 
1827,2141015.625,-100, , , , , 
1828,2142187.500,-100, , , , , 
1829,2143359.375,-100, , , , , 
1830,2144531.250,-100, , , , , 
1831,2145703.125,-100, , , , , 
1832,2146875.000,-97.20215271239496, , , , , 
1833,2148046.875,-92.63249703856543, , , , , 
1834,2149218.750,-13.74763456177422, , , , , 
1835,2150390.625,-0.4685548536563604, , , , , 
1836,2151562.500,-89.54148965923986, , , , , 
1837,2152734.375,-95.94614589180082, , , , , 
1838,2153906.250,-99.31011168235773, , , , , 
1839,2155078.125,-100, , , , , 
1840,2156250.000,-100, , , , , 
1841,2157421.875,-100, , , , , 
1842,2158593.750,-100, , , , , 
1843,2159765.625,-100, , , , , 
1844,2160937.500,-100, , , , , 
1845,2162109.375,-100, , , , , 
1846,2163281.250,-100, , , , , 
1847,2164453.125,-100, , , , , 
1848,2165625.000,-100, , , , , 
1849,2166796.875,-100, , , , , 
1850,2167968.750,-100, , , , , 
1851,2169140.625,-100, , , , , 
1852,2170312.500,-100, , , , , 
1853,2171484.375,-100, , , , , 
1854,2172656.250,-100, , , , , 
1855,2173828.125,-100, , , , , 
1856,2175000.000,-100, , , , , 
1857,2176171.875,-100, , , , , 
1858,2177343.750,-100, , , , , 
1859,2178515.625,-100, , , , , 
1860,2179687.500,-100, , , , , 
1861,2180859.375,-100, , , , , 
1862,2182031.250,-100, , , , , 
1863,2183203.125,-100, , , , , 
1864,2184375.000,-100, , , , , 
1865,2185546.875,-100, , , , , 
1866,2186718.750,-100, , , , , 
1867,2187890.625,-100, , , , , 
1868,2189062.500,-100, , , , , 
1869,2190234.375,-100, , , , , 
1870,2191406.250,-100, , , , , 
1871,2192578.125,-100, , , , , 
1872,2193750.000,-100, , , , , 
1873,2194921.875,-100, , , , , 
1874,2196093.750,-99.31011168235773, , , , , 
1875,2197265.625,-95.94614589180082, , , , , 
1876,2198437.500,-89.54148965923986, , , , , 
1877,2199609.375,-0.4685548536563604, , , , , 
1878,2200781.250,-13.74763456177422, , , , , 
1879,2201953.125,-92.63249703856543, , , , , 
1880,2203125.000,-97.20215271239496, , , , , 
1881,2204296.875,-100, , , , , 
1882,2205468.750,-100, , , , , 
1883,2206640.625,-100, , , , , 
1884,2207812.500,-100, , , , , 
1885,2208984.375,-100, , , , , 
1886,2210156.250,-100, , , , , 
1887,2211328.125,-100, , , , , 
1888,2212500.000,-100, , , , , 
1889,2213671.875,-100, , , , , 
1890,2214843.750,-100, , , , , 
1891,2216015.625,-100, , , , , 
1892,2217187.500,-100, , , , , 
1893,2218359.375,-100, , , , , 
1894,2219531.250,-100, , , , , 
1895,2220703.125,-100, , , , , 
1896,2221875.000,-100, , , , , 
1897,2223046.875,-100, , , , , 
1898,2224218.750,-100, , , , , 
1899,2225390.625,-100, , , , , 
1900,2226562.500,-100, , , , , 
1901,2227734.375,-100, , , , , 
1902,2228906.250,-100, , , , , 
1903,2230078.125,-100, , , , , 
1904,2231250.000,-100, , , , , 
1905,2232421.875,-100, , , , , 
1906,2233593.750,-100, , , , , 
1907,2234765.625,-100, , , , , 
1908,2235937.500,-100, , , , , 
1909,2237109.375,-100, , , , , 
1910,2238281.250,-100, , , , , 
1911,2239453.125,-100, , , , , 
1912,2240625.000,-100, , , , , 
1913,2241796.875,-100, , , , , 
1914,2242968.750,-100, , , , , 
1915,2244140.625,-100, , , , , 
1916,2245312.500,-100, , , , , 
1917,2246484.375,-98.31299106004755, , , , , 
1918,2247656.250,-94.49959055531997, , , , , 
1919,2248828.125,-71.65982337235417, , , , , 
1920,2250000.000,-0.00019253209306927885, , , , , 
1921,2251171.875,-71.65982337235417, , , , , 
1922,2252343.750,-94.49959055531997, , , , , 
1923,2253515.625,-98.31299106004755, , , , , 
1924,2254687.500,-100, , , , , 
1925,2255859.375,-100, , , , , 
1926,2257031.250,-100, , , , , 
1927,2258203.125,-100, , , , , 
1928,2259375.000,-100, , , , , 
1929,2260546.875,-100, , , , , 
1930,2261718.750,-100, , , , , 
1931,2262890.625,-100, , , , , 
1932,2264062.500,-100, , , , , 
1933,2265234.375,-100, , , , , 
1934,2266406.250,-100, , , , , 
1935,2267578.125,-100, , , , , 
1936,2268750.000,-100, , , , , 
1937,2269921.875,-100, , , , , 
1938,2271093.750,-100, , , , , 
1939,2272265.625,-100, , , , , 
1940,2273437.500,-100, , , , , 
1941,2274609.375,-100, , , , , 
1942,2275781.250,-100, , , , , 
1943,2276953.125,-100, , , , , 
1944,2278125.000,-100, , , , , 
1945,2279296.875,-100, , , , , 
1946,2280468.750,-100, , , , , 
1947,2281640.625,-100, , , , , 
1948,2282812.500,-100, , , , , 
1949,2283984.375,-100, , , , , 
1950,2285156.250,-100, , , , , 
1951,2286328.125,-100, , , , , 
1952,2287500.000,-100, , , , , 
1953,2288671.875,-100, , , , , 
1954,2289843.750,-100, , , , , 
1955,2291015.625,-100, , , , , 
1956,2292187.500,-100, , , , , 
1957,2293359.375,-100, , , , , 
1958,2294531.250,-100, , , , , 
1959,2295703.125,-100, , , , , 
1960,2296875.000,-97.20215271239496, , , , , 
1961,2298046.875,-92.63249703856543, , , , , 
1962,2299218.750,-13.74763456177422, , , , , 
1963,2300390.625,-0.4685548536563604, , , , , 
1964,2301562.500,-89.54148965923986, , , , , 
1965,2302734.375,-95.94614589180082, , , , , 
1966,2303906.250,-99.31011168235773, , , , , 
1967,2305078.125,-100, , , , , 
1968,2306250.000,-100, , , , , 
1969,2307421.875,-100, , , , , 
1970,2308593.750,-100, , , , , 
1971,2309765.625,-100, , , , , 
1972,2310937.500,-100, , , , , 
1973,2312109.375,-100, , , , , 
1974,2313281.250,-100, , , , , 
1975,2314453.125,-100, , , , , 
1976,2315625.000,-100, , , , , 
1977,2316796.875,-100, , , , , 
1978,2317968.750,-100, , , , , 
1979,2319140.625,-100, , , , , 
1980,2320312.500,-100, , , , , 
1981,2321484.375,-100, , , , , 
1982,2322656.250,-100, , , , , 
1983,2323828.125,-100, , , , , 
1984,2325000.000,-100, , , , , 
1985,2326171.875,-100, , , , , 
1986,2327343.750,-100, , , , , 
1987,2328515.625,-100, , , , , 
1988,2329687.500,-100, , , , , 
1989,2330859.375,-100, , , , , 
1990,2332031.250,-100, , , , , 
1991,2333203.125,-100, , , , , 
1992,2334375.000,-100, , , , , 
1993,2335546.875,-100, , , , , 
1994,2336718.750,-100, , , , , 
1995,2337890.625,-100, , , , , 
1996,2339062.500,-100, , , , , 
1997,2340234.375,-100, , , , , 
1998,2341406.250,-100, , , , , 
1999,2342578.125,-100, , , , , 
2000,2343750.000,-100, , , , , 
2001,2344921.875,-100, , , , , 
2002,2346093.750,-99.31011168235773, , , , , 
2003,2347265.625,-95.94614589180082, , , , , 
2004,2348437.500,-89.54148965923986, , , , , 
2005,2349609.375,-0.4685548536563604, , , , , 
2006,2350781.250,-13.74763456177422, , , , , 
2007,2351953.125,-92.63249703856543, , , , , 
2008,2353125.000,-97.20215271239496, , , , , 
2009,2354296.875,-100, , , , , 
2010,2355468.750,-100, , , , , 
2011,2356640.625,-100, , , , , 
2012,2357812.500,-100, , , , , 
2013,2358984.375,-100, , , , , 
2014,2360156.250,-100, , , , , 
2015,2361328.125,-100, , , , , 
2016,2362500.000,-100, , , , , 
2017,2363671.875,-100, , , , , 
2018,2364843.750,-100, , , , , 
2019,2366015.625,-100, , , , , 
2020,2367187.500,-100, , , , , 
2021,2368359.375,-100, , , , , 
2022,2369531.250,-100, , , , , 
2023,2370703.125,-100, , , , , 
2024,2371875.000,-100, , , , , 
2025,2373046.875,-100, , , , , 
2026,2374218.750,-100, , , , , 
2027,2375390.625,-100, , , , , 
2028,2376562.500,-100, , , , , 
2029,2377734.375,-100, , , , , 
2030,2378906.250,-100, , , , , 
2031,2380078.125,-100, , , , , 
2032,2381250.000,-100, , , , , 
2033,2382421.875,-100, , , , , 
2034,2383593.750,-100, , , , , 
2035,2384765.625,-100, , , , , 
2036,2385937.500,-100, , , , , 
2037,2387109.375,-100, , , , , 
2038,2388281.250,-100, , , , , 
2039,2389453.125,-100, , , , , 
2040,2390625.000,-100, , , , , 
2041,2391796.875,-100, , , , , 
2042,2392968.750,-100, , , , , 
2043,2394140.625,-100, , , , , 
2044,2395312.500,-100, , , , , 
2045,2396484.375,-98.31299106004755, , , , , 
2046,2397656.250,-94.49959055531997, , , , , 
2047,2398828.125,-71.65982337235417, , , , , 
2048,2400000.000,-0.00019253209306927885, , , , , 